Wall time,Time,Progress,Step,Norm loss,Value,Loss alpha,Loss alpha abs
1588889697,0,0,1,1,3.291218758,0,0
1588889839,142.74929,0.01351738074,101,0.6457857699,2.125422239,1.165796518,1.165796518
1588889966,269.72071,0.02554070519,201,0.4390030926,1.444855213,0.6805670261,0.6805670261
1588890107,410.4425399,0.03886609934,301,0.3492385601,1.1494205,0.2954347134,0.2954347134
1588890235,538.1368799,0.05095787936,401,0.2209575887,0.7272197604,0.4222007394,0.4222007394
1588890378,681.06444,0.06449214106,501,0.1495437822,0.4921813011,0.2350384593,0.2350384593
1588890505,808.7622299,0.07658424776,601,0.08349805772,0.2748103738,0.2173709273,0.2173709273
1588890633,936.4418299,0.088674632,701,0.05022600811,0.16530478,0.1095055938,0.1095055938
1588890771,1074.65424,0.1017624013,801,0.03147307697,0.1035847813,0.06171999872,0.06171999872
1588890899,1202.33359,0.1138527618,901,0.02183125163,0.07185142487,0.03173335642,0.03173335642
1588891040,1342.98061,0.127171072,1001,0.01335874447,0.04396655038,0.02788487449,0.02788487449
1588891167,1470.78336,0.1392731177,1101,0.01407877338,0.04633632302,-0.002369772643,0.002369772643
1588891295,1598.40239,0.1513577664,1201,0.01449181281,0.04769572616,-0.001359403133,0.001359403133
1588891434,1737.72839,0.164550985,1301,0.01592519475,0.05241329968,-0.004717573524,0.004717573524
1588891562,1865.36663,0.1766374527,1401,0.007359570577,0.02422195673,0.02819134295,0.02819134295
1588891700,2003.48737,0.1897165415,1501,0.00763495661,0.02512831241,-0.000906355679,0.000906355679
1588891828,2131.31607,0.2018210444,1601,0.01018075899,0.03350710496,-0.008378792554,0.008378792554
1588891955,2258.82945,0.2138956888,1701,0.008379343176,0.02757825144,0.005928853527,0.005928853527
1588892098,2401.7446,0.2274287754,1801,0.008877846363,0.02921893448,-0.00164068304,0.00164068304
1588892226,2529.49814,0.2395261612,1901,0.007955468746,0.02618318796,0.003035746515,0.003035746515
1588892368,2671.69644,0.252991367,2001,0.007886997458,0.02595783398,0.000225353986,0.000225353986
1588892496,2799.32072,0.2650765128,2101,0.01041579662,0.03428066522,-0.008322831243,0.008322831243
1588892624,2927.11735,0.277177979,2201,0.007421250538,0.02442495897,0.009855706245,0.009855706245
1588892766,3069.01098,0.2906143346,2301,0.008117068364,0.02671504766,-0.002290088683,0.002290088683
1588892893,3196.50869,0.3026874951,2401,0.008918319274,0.02935213968,-0.002637092024,0.002637092024
1588893036,3339.38468,0.3162168734,2501,0.006882687012,0.0226524286,0.006699711084,0.006699711084
1588893164,3467.12849,0.3283133379,2601,0.007491915424,0.02465753257,-0.002005103976,0.002005103976
1588893291,3594.46797,0.3403715151,2701,0.007006481013,0.02305986173,0.001597670838,0.001597670838
1588893436,3739.09665,0.3540668612,2801,0.005586603061,0.01838673279,0.004673128948,0.004673128948
1588893564,3866.98099,0.366176633,2901,0.006808332172,0.02240771055,-0.004020977765,0.004020977765
1588893704,4007.01397,0.3794367977,3001,0.006295019365,0.02071828581,0.001689424738,0.001689424738
1588893831,4134.69677,0.391527485,3101,0.006644553669,0.02186867967,-0.001150393859,0.001150393859
1588893959,4262.18698,0.4035999353,3201,0.007057927576,0.02322918363,-0.001360503957,0.001360503957
1588894100,4403.67971,0.4169983284,3301,0.00857086538,0.02820859291,-0.004979409277,0.004979409277
1588894228,4531.18058,0.4290717881,3401,0.004926547229,0.01621434465,0.01199424826,0.01199424826
1588894374,4677.28993,0.4429073436,3501,0.006763938401,0.02226160094,-0.006047256291,0.006047256291
1588894502,4805.04782,0.4550051413,3601,0.004890898423,0.01609701663,0.006164584309,0.006164584309
1588894630,4933.09266,0.4671301113,3701,0.00484336706,0.01594058052,0.0001564361155,0.0001564361155
1588894768,5071.60054,0.4802458596,3801,0.005264857734,0.01732779853,-0.001387218013,0.001387218013
1588894896,5199.38066,0.4923457624,3901,0.007718408432,0.02540297061,-0.008075172082,0.008075172082
1588895037,5340.3718,0.5056966583,4001,0.005239067671,0.01724291779,0.008160052821,0.008160052821
1588895165,5468.08642,0.5177903587,4101,0.0003859473464,0.001270237146,0.01597268065,0.01597268065
1588895293,5595.88351,0.5298918685,4201,0.0001771131664,0.0005829181755,0.0006873189704,0.0006873189704
1588895437,5740.31491,0.5435685335,4301,0.0001258274902,0.0004141257959,0.0001687923796,0.0001687923796
1588895565,5867.89071,0.5556490886,4401,0.0001370977499,0.0004512186861,-0.00003709289012,0.00003709289012
1588895706,6009.74142,0.56908138,4501,0.0001005231573,0.0003308437008,0.0001203749853,0.0001203749853
1588895834,6137.86497,0.5812138033,4601,0.00007699034369,0.0002533920633,0.00007745163748,0.00007745163748
1588895962,6265.79695,0.5933280861,4701,0.00008704192281,0.000286474009,-0.00003308194573,0.00003308194573
1588896103,6406.24344,0.6066274075,4801,0.00009366587159,0.0003082748735,-0.00002180086449,0.00002180086449
1588896231,6534.03026,0.6187279447,4901,0.00009641757037,0.0003173313162,-0.00000905644265,0.00000905644265
1588896374,6677.7796,0.6323400234,5001,0.00009955343895,0.0003276521456,-0.00001032082946,0.00001032082946
1588896502,6805.75147,0.6444580836,5101,0.00007490771439,0.0002465376747,0.00008111447096,0.00008111447096
1588896630,6933.73934,0.6565776589,5201,0.0001843188878,0.000606633781,-0.0003600961063,0.0003600961063
1588896772,7075.44856,0.6699965521,5301,0.0000811506945,0.0002670846879,0.000339549093,0.000339549093
1588896900,7203.5799,0.6821297131,5401,0.00007975535984,0.0002624923363,0.000004592351615,0.000004592351615
1588897044,7347.36166,0.6957448616,5501,0.00006739914667,0.0002218253358,0.00004066700058,0.00004066700058
1588897172,7475.47444,0.707876265,5601,0.00007735775623,0.0002546012984,-0.00003277596261,0.00003277596261
1588897300,7603.28087,0.7199786592,5701,0.00007064361014,0.0002325035748,0.00002209772356,0.00002209772356
1588897442,7745.36353,0.7334329147,5801,0.00007266684187,0.000239162473,-0.000006658898201,0.000006658898201
1588897570,7873.8633,0.7456009634,5901,0.00007747392506,0.0002549836354,-0.00001582116238,0.00001582116238
1588897711,8014.56764,0.7589247014,6001,0.00009381062943,0.0003087513032,-0.00005376766785,0.00005376766785
1588897839,8142.53754,0.771042575,6101,0.00008290206093,0.000272848818,0.00003590248525,0.00003590248525
1588897968,8271.1376,0.7832201205,6201,0.00007973914201,0.0002624389599,0.00001040985808,0.00001040985808
1588898113,8416.54356,0.7969890698,6301,0.00006979985854,0.0002297266037,0.00003271235619,0.00003271235619
1588898241,8544.29146,0.8090859216,6401,0.00007149602776,0.0002353090676,-0.000005582463928,0.000005582463928
1588898387,8690.15859,0.8228985404,6501,0.00007402563778,0.0002436345676,-0.000008325499948,0.000008325499948
1588898515,8818.68449,0.8350690635,6601,0.00007918524211,0.0002606159542,-0.00001698138658,0.00001698138658
1588898643,8946.60905,0.8471826437,6701,0.00007946757737,0.0002615451813,-0.0000009292270988,0.0000009292270988
1588898787,9090.80865,0.8608373589,6801,0.00008643891843,0.0002844893897,-0.00002294420847,0.00002294420847
1588898915,9218.83706,0.8729607731,6901,0.00008725965203,0.0002871906036,-0.000002701213816,0.000002701213816
1588899063,9366.08387,0.8869040382,7001,0.00006964853045,0.0002292285499,0.00005796205369,0.00005796205369
1588899191,9494.2341,0.8990389878,7101,0.00007302856402,0.0002403529797,-0.00001112442988,0.00001112442988
1588899319,9622.63837,0.9111979934,7201,0.00008875041899,0.0002920970437,-0.00005174406397,0.00005174406397
1588899459,9762.28457,0.9244215327,7301,0.00008288000681,0.000272776233,0.00001932081068,0.00001932081068
1588899587,9890.32237,0.9365458361,7401,0.00007996272522,0.0002631748212,0.000009601411875,0.000009601411875
1588899732,10034.95351,0.9502414151,7501,0.00008927644615,0.0002938283142,-0.00003065349301,0.00003065349301
1588899859,10162.80872,0.9623484284,7601,0.00007485352526,0.0002463593264,0.00004746898776,0.00004746898776
1588899988,10291.00692,0.9744879205,7701,0.00007555124565,0.0002486556768,-0.000002296350431,0.000002296350431
1588900128,10431.83016,0.9878229175,7801,0.000100074461,0.0003293669433,-0.00008071126649,0.00008071126649
1588900257,10560.42533,1,7901,0.00009135142636,0.000300657528,0.00002870941535,0.00002870941535